Normalized confusion matrix
[[  3.62681171e-01   4.96523378e-01   8.09666553e-03   1.04422263e-01
    2.82765228e-02]
 [  6.81467821e-02   8.78661269e-01   2.67976775e-03   4.23720267e-02
    8.14015473e-03]
 [  2.28028504e-02   9.64151288e-01   6.57774530e-04   1.01224191e-02
    2.26566782e-03]
 [  1.20963066e-01   8.02697592e-01   3.73124921e-03   5.82125299e-02
    1.43955628e-02]
 [  2.34378080e-01   5.30455352e-01   1.43899074e-02   1.34634339e-01
    8.61423221e-02]]
Weighted F-Score:
0.338534784589
Normalized confusion matrix
[[  9.78344020e-01   6.77691722e-03   3.77729812e-03   1.03161503e-03
    1.13477654e-03   3.25355510e-03   2.66632809e-03   6.03098019e-04
    7.06259523e-04   1.70613255e-03]
 [  9.67627064e-01   1.17621668e-02   4.64012086e-03   1.29491745e-03
    1.07909787e-03   4.74803065e-03   4.42430128e-03   6.47458725e-04
    5.39548937e-04   3.23729362e-03]
 [  9.85114548e-01   4.65170369e-03   1.86068147e-03   9.30340737e-04
    5.81462961e-04   2.67472962e-03   1.04663333e-03   3.48877776e-04
    5.81462961e-04   2.20955925e-03]
 [  9.83398864e-01   4.36871997e-03   2.18435998e-03   8.73743993e-04
    8.73743993e-04   2.62123198e-03   1.74748799e-03   2.18435998e-03
    0.00000000e+00   1.74748799e-03]
 [  9.85308057e-01   3.79146919e-03   2.36966825e-03   0.00000000e+00
    9.47867299e-04   2.36966825e-03   1.42180095e-03   4.73933649e-04
    9.47867299e-04   2.36966825e-03]
 [  9.73956262e-01   9.94035785e-03   3.77733598e-03   1.78926441e-03
    1.98807157e-04   2.58449304e-03   2.78330020e-03   1.39165010e-03
    1.19284294e-03   2.38568588e-03]
 [  9.74596863e-01   9.27766733e-03   3.75524630e-03   1.76717473e-03
    6.62690524e-04   3.09255578e-03   3.09255578e-03   8.83587365e-04
    1.10448421e-03   1.76717473e-03]
 [  9.92236025e-01   2.17391304e-03   6.21118012e-04   3.10559006e-04
    3.10559006e-04   2.79503106e-03   3.10559006e-04   3.10559006e-04
    0.00000000e+00   9.31677019e-04]
 [  9.96615905e-01   9.40026321e-04   5.64015792e-04   0.00000000e+00
    9.40026321e-05   7.52021057e-04   6.58018425e-04   9.40026321e-05
    1.88005264e-04   9.40026321e-05]
 [  9.64597701e-01   1.14942529e-02   7.81609195e-03   1.37931034e-03
    3.21839080e-03   4.13793103e-03   4.13793103e-03   9.19540230e-04
    4.59770115e-04   1.83908046e-03]]
Weighted F-Score:
0.604866889545
